1634.38 173.43158766499255 0.005437901477617551 0.005981418091654737 0.17444087566698452
2742.96 437.48352928996087 0.027123298303181137 0.030367221307893853 0.2939827398846347
2426.42 373.69252548050787 0.02538121922707158 0.02584257238648596 0.2788466076130324
2271.34 318.78639305967874 0.0068414891906441256 0.008718312599900946 0.2919552197853913
2136.64 268.2976153453474 0.006784602751915523 0.00843242634687532 0.24624452390948148
1998.31 273.3658608897607 0.006908510133708653 0.009416696458828476 0.2273983150124702
1928.0 260.44669320227507 0.004501912967331695 0.0060955716222747995 0.23266704355750134
1825.83 242.81981200058613 0.016162672332988775 0.014472156962401153 0.20907712504900983
1746.0 195.46810481508228 0.014731592515662174 0.013365959785192538 0.1924773146954779
1666.42 167.0019269349908 0.00387783216315502 0.0050434942729554125 0.14634289975065168
1637.45 158.63469828508516 0.010479430115644301 0.009827795923700706 0.17344849002074214
