1639.7 165.3891471651027 0.0024111828456981938 0.003411872000074036 0.12958578056466408
3380.84 468.46924594897376 0.007248926642329247 0.007659159287985162 0.2145310623173361
3809.0 439.70151239221366 0.0323649411984063 0.02195821383218854 0.2818455811389079
3681.93 406.6134836672291 0.0044746450529034405 0.005505051475587088 0.20581170007788208
3352.22 367.4503933866448 0.004758891039930906 0.005789667815536888 0.1521078840553145
2855.06 322.02865773095414 0.0039383154935767415 0.004359613643800641 0.2289050165274789
2682.58 321.3510908648048 0.004329920113851043 0.005402131051845411 0.20856458519911958
2380.46 324.23631567114745 0.0020910246353847382 0.0024354029628114978 0.1825339554597727
2026.49 209.96382998030876 0.005807109136002735 0.005642096949812827 0.08242082845120302
1799.95 189.7111159104811 0.004373162425940516 0.004495670942848199 0.1609355533411873
1630.59 162.93232306697158 0.0018189837789391828 0.002581629752722244 0.11190161221825967
