1811.42 238.7776028022729 0.003961740567556405 0.0058482310212957895 0.17691642255131823
3646.4 626.2844242035723 0.005325969014204731 0.006915864632622647 0.24314270399771182
4269.06 477.4381597652203 0.0030400211994749465 0.003758906588090879 0.19244534539645464
4221.62 632.9105273259405 0.0047253632676860415 0.005312412261288216 0.24239503281952268
3663.1 549.2290141644012 0.019051457542841592 0.016588855505730044 0.24588394426159477
4070.02 562.6039989193109 0.008327751836141708 0.009307752130464825 0.27376568179531113
2944.18 394.70617882166476 0.008999642870366196 0.0106256870492514 0.2438983287424208
3426.91 437.8312710394268 0.0033080163728516103 0.0042249292645648705 0.19548026936951046
2590.99 357.3555790805567 0.008442616751749848 0.01032773402434119 0.20472903852888302
2047.29 230.18624176957235 0.03055122716945645 0.02095419940406703 0.2367064840574175
1857.21 227.6861565840137 0.006005608121949525 0.007803726116861244 0.20886148121953352
